-80.00, -80.00
-75.04, -77.59
-70.11, -75.17
-65.21, -72.73
-60.34, -70.28
-55.49, -67.81
-50.68, -65.32
-45.89, -62.82
-41.12, -60.31
-36.39, -57.78
-31.68, -55.23
-27.00, -52.67
-22.34, -50.10
-17.71, -47.51
-13.11, -44.90
-8.53, -42.29
-3.98, -39.65
0.54, -37.01
5.04, -34.35
9.52, -31.67
13.96, -28.98
18.39, -26.28
22.78, -23.57
27.16, -20.84
31.51, -18.09
35.83, -15.34
40.13, -12.56
44.41, -9.78
48.66, -6.98
52.89, -4.17
57.09, -1.35
61.27, 1.49
65.43, 4.34
69.56, 7.20
73.67, 10.07
77.76, 12.96
81.83, 15.86
85.87, 18.77
89.89, 21.70
93.89, 24.63
97.86, 27.58
101.82, 30.54
105.75, 33.52
109.66, 36.50
113.55, 39.50
117.42, 42.51
121.26, 45.53
125.09, 48.56
128.89, 51.61
132.68, 54.66
136.44, 57.73
140.19, 60.80
143.91, 63.89
147.61, 66.99
151.30, 70.10
154.96, 73.22
158.61, 76.35
162.23, 79.50
165.84, 82.65
169.43, 85.81
172.99, 88.99
176.54, 92.17
180.08, 95.37
183.59, 98.57
187.08, 101.79
190.56, 105.01
194.02, 108.25
197.46, 111.49
200.88, 114.74
204.29, 118.01
207.68, 121.28
211.05, 124.56
214.41, 127.85
217.75, 131.16
221.07, 134.47
224.37, 137.78
227.66, 141.11
230.94, 144.45
234.19, 147.80
237.43, 151.15
240.66, 154.51
243.87, 157.88
247.07, 161.26
250.25, 164.65
253.41, 168.05
256.56, 171.45
259.70, 174.87
262.82, 178.29
265.93, 181.72
269.02, 185.15
272.10, 188.60
275.16, 192.05
278.22, 195.51
281.25, 198.97
284.28, 202.45
287.29, 205.93
290.29, 209.42
293.28, 212.91
296.25, 216.41
299.21, 219.92
302.16, 223.44
305.09, 226.96
308.02, 230.49
310.93, 234.03
313.83, 237.57
316.72, 241.12
319.60, 244.68
322.46, 248.24
325.32, 251.80
328.16, 255.38
331.00, 258.96
333.82, 262.54
336.63, 266.13
339.44, 269.73
342.23, 273.33
345.01, 276.94
347.79, 280.55
350.55, 284.17
353.30, 287.79
356.05, 291.42
358.78, 295.05
361.51, 298.69
364.23, 302.34
366.94, 305.98
369.64, 309.64
372.33, 313.29
375.02, 316.96
377.69, 320.62
380.36, 324.29
383.02, 327.97
385.68, 331.65
388.32, 335.33
390.96, 339.02
393.60, 342.71
396.22, 346.40
398.84, 350.10
401.45, 353.80
404.06, 357.50
406.66, 361.21
409.25, 364.93
411.84, 368.64
414.42, 372.36
417.00, 376.08
419.57, 379.80
422.14, 383.53
424.70, 387.26
427.25, 390.99
429.81, 394.73
432.35, 398.47
434.90, 402.21
437.43, 405.95
439.97, 409.69
442.50, 413.44
445.03, 417.19
447.55, 420.94
450.07, 424.69
452.59, 428.45
455.10, 432.20
457.61, 435.96
460.12, 439.72
462.62, 443.48
465.13, 447.24
467.63, 451.00
470.12, 454.77
472.62, 458.53
475.12, 462.30
477.61, 466.07
480.10, 469.84
482.59, 473.61
485.08, 477.37
487.57, 481.14
490.06, 484.92
492.54, 488.69
495.03, 492.46
497.51, 496.23
500.00, 500.00
502.49, 503.77
504.97, 507.54
507.46, 511.31
509.94, 515.08
512.43, 518.86
514.92, 522.63
517.41, 526.39
519.90, 530.16
522.39, 533.93
524.88, 537.70
527.38, 541.47
529.88, 545.23
532.37, 549.00
534.87, 552.76
537.38, 556.52
539.88, 560.28
542.39, 564.04
544.90, 567.80
547.41, 571.55
549.93, 575.31
552.45, 579.06
554.97, 582.81
557.50, 586.56
560.03, 590.31
562.57, 594.05
565.10, 597.79
567.65, 601.53
570.19, 605.27
572.75, 609.01
575.30, 612.74
577.86, 616.47
580.43, 620.20
583.00, 623.92
585.58, 627.64
588.16, 631.36
590.75, 635.07
593.34, 638.79
595.94, 642.50
598.55, 646.20
601.16, 649.90
603.78, 653.60
606.40, 657.29
609.04, 660.98
611.68, 664.67
614.32, 668.35
616.98, 672.03
619.64, 675.71
622.31, 679.38
624.98, 683.04
627.67, 686.71
630.36, 690.36
633.06, 694.02
635.77, 697.66
638.49, 701.31
641.22, 704.95
643.95, 708.58
646.70, 712.21
649.45, 715.83
652.21, 719.45
654.99, 723.06
657.77, 726.67
660.56, 730.27
663.37, 733.87
666.18, 737.46
669.00, 741.04
671.84, 744.62
674.68, 748.20
677.54, 751.76
680.40, 755.32
683.28, 758.88
686.17, 762.43
689.07, 765.97
691.98, 769.51
694.91, 773.04
697.84, 776.56
700.79, 780.08
703.75, 783.59
706.72, 787.09
709.71, 790.58
712.71, 794.07
715.72, 797.55
718.75, 801.03
721.78, 804.49
724.84, 807.95
727.90, 811.40
730.98, 814.85
734.07, 818.28
737.18, 821.71
740.30, 825.13
743.44, 828.55
746.59, 831.95
749.75, 835.35
752.93, 838.74
756.13, 842.12
759.34, 845.49
762.57, 848.85
765.81, 852.20
769.06, 855.55
772.34, 858.89
775.63, 862.22
778.93, 865.53
782.25, 868.84
785.59, 872.15
788.95, 875.44
792.32, 878.72
795.71, 881.99
799.12, 885.26
802.54, 888.51
805.98, 891.75
809.44, 894.99
812.92, 898.21
816.41, 901.43
819.92, 904.63
823.46, 907.83
827.01, 911.01
830.57, 914.19
834.16, 917.35
837.77, 920.50
841.39, 923.65
845.04, 926.78
848.70, 929.90
852.39, 933.01
856.09, 936.11
859.81, 939.20
863.56, 942.27
867.32, 945.34
871.11, 948.39
874.91, 951.44
878.74, 954.47
882.58, 957.49
886.45, 960.50
890.34, 963.50
894.25, 966.48
898.18, 969.46
902.14, 972.42
906.11, 975.37
910.11, 978.30
914.13, 981.23
918.17, 984.14
922.24, 987.04
926.33, 989.93
930.44, 992.80
934.57, 995.66
938.73, 998.51
942.91, 1001.35
947.11, 1004.17
951.34, 1006.98
955.59, 1009.78
959.87, 1012.56
964.17, 1015.34
968.49, 1018.09
972.84, 1020.84
977.22, 1023.57
981.61, 1026.28
986.04, 1028.98
990.48, 1031.67
994.96, 1034.35
999.46, 1037.01
1003.98, 1039.65
1008.53, 1042.29
1013.11, 1044.90
1017.71, 1047.51
1022.34, 1050.10
1027.00, 1052.67
1031.68, 1055.23
1036.39, 1057.78
1041.12, 1060.31
1045.89, 1062.82
1050.68, 1065.32
1055.49, 1067.81
1060.34, 1070.28
1065.21, 1072.73
1070.11, 1075.17
1075.04, 1077.59
1080.00, 1080.00
-1.00, 0.00
1080.00, -80.00
1075.04, -77.59
1070.11, -75.17
1065.21, -72.73
1060.34, -70.28
1055.49, -67.81
1050.68, -65.32
1045.89, -62.82
1041.12, -60.31
1036.39, -57.78
1031.68, -55.23
1027.00, -52.67
1022.34, -50.10
1017.71, -47.51
1013.11, -44.90
1008.53, -42.29
1003.98, -39.65
999.46, -37.01
994.96, -34.35
990.48, -31.67
986.04, -28.98
981.61, -26.28
977.22, -23.57
972.84, -20.84
968.49, -18.09
964.17, -15.34
959.87, -12.56
955.59, -9.78
951.34, -6.98
947.11, -4.17
942.91, -1.35
938.73, 1.49
934.57, 4.34
930.44, 7.20
926.33, 10.07
922.24, 12.96
918.17, 15.86
914.13, 18.77
910.11, 21.70
906.11, 24.63
902.14, 27.58
898.18, 30.54
894.25, 33.52
890.34, 36.50
886.45, 39.50
882.58, 42.51
878.74, 45.53
874.91, 48.56
871.11, 51.61
867.32, 54.66
863.56, 57.73
859.81, 60.80
856.09, 63.89
852.39, 66.99
848.70, 70.10
845.04, 73.22
841.39, 76.35
837.77, 79.50
834.16, 82.65
830.57, 85.81
827.01, 88.99
823.46, 92.17
819.92, 95.37
816.41, 98.57
812.92, 101.79
809.44, 105.01
805.98, 108.25
802.54, 111.49
799.12, 114.74
795.71, 118.01
792.32, 121.28
788.95, 124.56
785.59, 127.85
782.25, 131.16
778.93, 134.47
775.63, 137.78
772.34, 141.11
769.06, 144.45
765.81, 147.80
762.57, 151.15
759.34, 154.51
756.13, 157.88
752.93, 161.26
749.75, 164.65
746.59, 168.05
743.44, 171.45
740.30, 174.87
737.18, 178.29
734.07, 181.72
730.98, 185.15
727.90, 188.60
724.84, 192.05
721.78, 195.51
718.75, 198.97
715.72, 202.45
712.71, 205.93
709.71, 209.42
706.72, 212.91
703.75, 216.41
700.79, 219.92
697.84, 223.44
694.91, 226.96
691.98, 230.49
689.07, 234.03
686.17, 237.57
683.28, 241.12
680.40, 244.68
677.54, 248.24
674.68, 251.80
671.84, 255.38
669.00, 258.96
666.18, 262.54
663.37, 266.13
660.56, 269.73
657.77, 273.33
654.99, 276.94
652.21, 280.55
649.45, 284.17
646.70, 287.79
643.95, 291.42
641.22, 295.05
638.49, 298.69
635.77, 302.34
633.06, 305.98
630.36, 309.64
627.67, 313.29
624.98, 316.96
622.31, 320.62
619.64, 324.29
616.98, 327.97
614.32, 331.65
611.68, 335.33
609.04, 339.02
606.40, 342.71
603.78, 346.40
601.16, 350.10
598.55, 353.80
595.94, 357.50
593.34, 361.21
590.75, 364.93
588.16, 368.64
585.58, 372.36
583.00, 376.08
580.43, 379.80
577.86, 383.53
575.30, 387.26
572.75, 390.99
570.19, 394.73
567.65, 398.47
565.10, 402.21
562.57, 405.95
560.03, 409.69
557.50, 413.44
554.97, 417.19
552.45, 420.94
549.93, 424.69
547.41, 428.45
544.90, 432.20
542.39, 435.96
539.88, 439.72
537.38, 443.48
534.87, 447.24
532.37, 451.00
529.88, 454.77
527.38, 458.53
524.88, 462.30
522.39, 466.07
519.90, 469.84
517.41, 473.61
514.92, 477.37
512.43, 481.14
509.94, 484.92
507.46, 488.69
504.97, 492.46
502.49, 496.23
500.00, 500.00
497.51, 503.77
495.03, 507.54
492.54, 511.31
490.06, 515.08
487.57, 518.86
485.08, 522.63
482.59, 526.39
480.10, 530.16
477.61, 533.93
475.12, 537.70
472.62, 541.47
470.12, 545.23
467.63, 549.00
465.13, 552.76
462.62, 556.52
460.12, 560.28
457.61, 564.04
455.10, 567.80
452.59, 571.55
450.07, 575.31
447.55, 579.06
445.03, 582.81
442.50, 586.56
439.97, 590.31
437.43, 594.05
434.90, 597.79
432.35, 601.53
429.81, 605.27
427.25, 609.01
424.70, 612.74
422.14, 616.47
419.57, 620.20
417.00, 623.92
414.42, 627.64
411.84, 631.36
409.25, 635.07
406.66, 638.79
404.06, 642.50
401.45, 646.20
398.84, 649.90
396.22, 653.60
393.60, 657.29
390.96, 660.98
388.32, 664.67
385.68, 668.35
383.02, 672.03
380.36, 675.71
377.69, 679.38
375.02, 683.04
372.33, 686.71
369.64, 690.36
366.94, 694.02
364.23, 697.66
361.51, 701.31
358.78, 704.95
356.05, 708.58
353.30, 712.21
350.55, 715.83
347.79, 719.45
345.01, 723.06
342.23, 726.67
339.44, 730.27
336.63, 733.87
333.82, 737.46
331.00, 741.04
328.16, 744.62
325.32, 748.20
322.46, 751.76
319.60, 755.32
316.72, 758.88
313.83, 762.43
310.93, 765.97
308.02, 769.51
305.09, 773.04
302.16, 776.56
299.21, 780.08
296.25, 783.59
293.28, 787.09
290.29, 790.58
287.29, 794.07
284.28, 797.55
281.25, 801.03
278.22, 804.49
275.16, 807.95
272.10, 811.40
269.02, 814.85
265.93, 818.28
262.82, 821.71
259.70, 825.13
256.56, 828.55
253.41, 831.95
250.25, 835.35
247.07, 838.74
243.87, 842.12
240.66, 845.49
237.43, 848.85
234.19, 852.20
230.94, 855.55
227.66, 858.89
224.37, 862.22
221.07, 865.53
217.75, 868.84
214.41, 872.15
211.05, 875.44
207.68, 878.72
204.29, 881.99
200.88, 885.26
197.46, 888.51
194.02, 891.75
190.56, 894.99
187.08, 898.21
183.59, 901.43
180.08, 904.63
176.54, 907.83
172.99, 911.01
169.43, 914.19
165.84, 917.35
162.23, 920.50
158.61, 923.65
154.96, 926.78
151.30, 929.90
147.61, 933.01
143.91, 936.11
140.19, 939.20
136.44, 942.27
132.68, 945.34
128.89, 948.39
125.09, 951.44
121.26, 954.47
117.42, 957.49
113.55, 960.50
109.66, 963.50
105.75, 966.48
101.82, 969.46
97.86, 972.42
93.89, 975.37
89.89, 978.30
85.87, 981.23
81.83, 984.14
77.76, 987.04
73.67, 989.93
69.56, 992.80
65.43, 995.66
61.27, 998.51
57.09, 1001.35
52.89, 1004.17
48.66, 1006.98
44.41, 1009.78
40.13, 1012.56
35.83, 1015.34
31.51, 1018.09
27.16, 1020.84
22.78, 1023.57
18.39, 1026.28
13.96, 1028.98
9.52, 1031.67
5.04, 1034.35
0.54, 1037.01
-3.98, 1039.65
-8.53, 1042.29
-13.11, 1044.90
-17.71, 1047.51
-22.34, 1050.10
-27.00, 1052.67
-31.68, 1055.23
-36.39, 1057.78
-41.12, 1060.31
-45.89, 1062.82
-50.68, 1065.32
-55.49, 1067.81
-60.34, 1070.28
-65.21, 1072.73
-70.11, 1075.17
-75.04, 1077.59
-80.00, 1080.00